1. python3 engine.py "Select * from table2"                          

OUTPUT : 
['table2.B,table2.D']
158 11191 

773 14421 

85 5117 

811 775 

311 922 

646 5403 

335 6309 

803 12262 

718 10226 

731 13021 

2. python3 engine.py "Select A from table1"

OUTPUT : 
['table1.A']
922 

640 

775 

-551 

-952 

-354 

-497 

411 

-900 

858 

922 

640 

858 

3. python3 engine.py "Select table1.B, table2.B from table1, table2"

table1.B table2.B 

158 922 

158 640 

158 775 

158 -551    

158 -952    

158 -354    

158 -497    

158 411 

158 -900    

158 858 

158 922 

773 922 

773 640 

773 775 

773 -551    

773 -952    

773 -354    

773 -497    

773 411 

773 -900    

773 858 

773 922 

85  922 

85  640 

85  775 

85  -551    

85  -952    

85  -354    

85  -497    

85  411 

85  -900    

85  858 

85  922 

811 922 

811 640 

811 775 

811 -551    

811 -952    

811 -354    

811 -497    

811 411 

811 -900    

811 858 

811 922 

311 922 

311 640 

311 775 

311 -551    

311 -952    

311 -354    

311 -497    

311 411 

311 -900    

311 858 

311 922 

646 922 

646 640 

646 775 

646 -551    

646 -952    

646 -354    

646 -497    

646 411 

646 -900    

646 858 

646 922 

335 922 

335 640 

335 775 

335 -551    

335 -952    

335 -354    

335 -497    

335 411 

335 -900    

335 858 

335 922 

803 922 

803 640 

803 775 

803 -551    

803 -952    

803 -354    

803 -497    

803 411 

803 -900    

803 858 

803 922 

718 922 

718 640 

718 775 

718 -551    

718 -952    

718 -354    

718 -497    

718 411 

718 -900    

718 858 

718 922 

731 922 

731 640 

731 775 

731 -551    

731 -952    

731 -354    

731 -497    

731 411 

731 -900    

731 858 

731 922 
